5 1 2 3
9 7 4 16
13 6 10 11
14 15 12 8

1 9 2 4
6 3 8 12
5 10 7 15
13 14 11 16


2 3 6 4
1 10 8 12
5 9 7 15
13 16 14 11

2 3 6 4
1 10 8 12
5 9 7 15
13 16 14 11

//На последнем шаге даёт погрешность
2 3 6 4
1 10 8 12
5 9 7 15
13 16 14 11

1 6 2 3
5 10 7 4
9 14 11 16
13 15 12 8

1 2 3 4
5 6 7 8
9 10 11 12
16 13 14 15

2 3 6 4
1 10 8 12
5 9 7 15
13 16 14 11

2 11 4 8
5 1 6 3
10 16 7 12
13 9 14 15

1 6 2 3
5 10 7 4
9 14 11 16
13 15 12 8

1 2 3 4
5 6 7 8
9 10 15 11
13 14 12 0


1 2 3 4
5 6 7 8
9 10 11 12
0 13 14 15

1 6 2 3
5 10 7 4
9 14 11 16
13 15 12 8